catfish: 164224 (path ind.: 79811 | 0.48598864964925953)
human: 143384 (path ind.: 60001 | 0.41846370585281484)
mouse: 181175 (path ind.: 67701 | 0.3736773837449979)
