salmon: 420942 (path ind.: 98462 | 0.23390870951342466)
human: 117578 (path ind.: 32088 | 0.27290819711170455)
mouse: 99120 (path ind.: 27769 | 0.2801553672316384)
