salmon: 109992 (path ind.: 48080 | 0.4371226998327151)
string_tie: 14858 (path ind.: 7226 | 0.4863373266926908)
